3807,2152,4062,2407,m_3907639_ne_18_1_20150815
3883,3468,4138,3723,m_3907639_ne_18_1_20150815
5659,2791,5914,3046,m_3907639_ne_18_1_20150815
5446,2181,5701,2436,m_3907639_ne_18_1_20150815
3642,4177,3897,4432,m_3907639_ne_18_1_20150815
1996,2709,2251,2964,m_3907639_ne_18_1_20150815
4286,4935,4541,5190,m_3907639_ne_18_1_20150815
656,248,911,503,m_3907639_ne_18_1_20150815
1839,4102,2094,4357,m_3907639_ne_18_1_20150815
496,6355,751,6610,m_3907639_ne_18_1_20150815
2684,3691,2939,3946,m_3907639_ne_18_1_20150815
4365,1004,4620,1259,m_3907639_ne_18_1_20150815
2105,3539,2360,3794,m_3907639_ne_18_1_20150815
3397,2240,3652,2495,m_3907639_ne_18_1_20150815
267,3255,522,3510,m_3907639_ne_18_1_20150815
714,5422,969,5677,m_3907639_ne_18_1_20150815
2839,5795,3094,6050,m_3907639_ne_18_1_20150815
678,6622,933,6877,m_3907639_ne_18_1_20150815
5029,1029,5284,1284,m_3907639_ne_18_1_20150815
2177,2769,2432,3024,m_3907639_ne_18_1_20150815
5236,1595,5491,1850,m_3907639_ne_18_1_20150815
2017,163,2272,418,m_3907639_ne_18_1_20150815
4005,4853,4260,5108,m_3907639_ne_18_1_20150815
4902,2428,5157,2683,m_3907639_ne_18_1_20150815
2458,10,2713,265,m_3907639_ne_18_1_20150815
3846,4127,4101,4382,m_3907639_ne_18_1_20150815
1374,1064,1629,1319,m_3907639_ne_18_1_20150815
2290,1761,2545,2016,m_3907639_ne_18_1_20150815
446,6979,701,7234,m_3907639_ne_18_1_20150815
1964,4635,2219,4890,m_3907639_ne_18_1_20150815
5059,4240,5314,4495,m_3907639_ne_18_1_20150815
3637,280,3892,535,m_3907639_ne_18_1_20150815
3679,736,3934,991,m_3907639_ne_18_1_20150815
1441,2423,1696,2678,m_3907639_ne_18_1_20150815
1717,158,1972,413,m_3907639_ne_18_1_20150815
955,476,1210,731,m_3907639_ne_18_1_20150815
1715,3091,1970,3346,m_3907639_ne_18_1_20150815
2807,7043,3062,7298,m_3907639_ne_18_1_20150815
2064,6867,2319,7122,m_3907639_ne_18_1_20150815
3972,5820,4227,6075,m_3907639_ne_18_1_20150815
3198,3839,3453,4094,m_3907639_ne_18_1_20150815
971,2577,1226,2832,m_3907639_ne_18_1_20150815
5569,1307,5824,1562,m_3907639_ne_18_1_20150815
4714,3712,4969,3967,m_3907639_ne_18_1_20150815
3367,770,3622,1025,m_3907639_ne_18_1_20150815
2952,1678,3207,1933,m_3907639_ne_18_1_20150815
1367,6974,1622,7229,m_3907639_ne_18_1_20150815
5775,568,6030,823,m_3907639_ne_18_1_20150815
1553,4689,1808,4944,m_3907639_ne_18_1_20150815
4838,3168,5093,3423,m_3907639_ne_18_1_20150815
1768,6529,2023,6784,m_3907639_ne_18_1_20150815
2703,6994,2958,7249,m_3907639_ne_18_1_20150815
2223,3920,2478,4175,m_3907639_ne_18_1_20150815
1284,7092,1539,7347,m_3907639_ne_18_1_20150815
5076,5864,5331,6119,m_3907639_ne_18_1_20150815
4932,6003,5187,6258,m_3907639_ne_18_1_20150815
3765,4865,4020,5120,m_3907639_ne_18_1_20150815
1302,2034,1557,2289,m_3907639_ne_18_1_20150815
588,2523,843,2778,m_3907639_ne_18_1_20150815
751,3048,1006,3303,m_3907639_ne_18_1_20150815
3654,275,3909,530,m_3907639_ne_18_1_20150815
1931,7237,2186,7492,m_3907639_ne_18_1_20150815
1918,1292,2173,1547,m_3907639_ne_18_1_20150815
5630,5911,5885,6166,m_3907639_ne_18_1_20150815
5707,4051,5962,4306,m_3907639_ne_18_1_20150815
2849,4614,3104,4869,m_3907639_ne_18_1_20150815
941,4818,1196,5073,m_3907639_ne_18_1_20150815
2530,6385,2785,6640,m_3907639_ne_18_1_20150815
4429,1815,4684,2070,m_3907639_ne_18_1_20150815
2493,6873,2748,7128,m_3907639_ne_18_1_20150815
5006,3193,5261,3448,m_3907639_ne_18_1_20150815
3254,1938,3509,2193,m_3907639_ne_18_1_20150815
1748,3893,2003,4148,m_3907639_ne_18_1_20150815
535,4491,790,4746,m_3907639_ne_18_1_20150815
2182,1727,2437,1982,m_3907639_ne_18_1_20150815
2156,338,2411,593,m_3907639_ne_18_1_20150815
4052,4365,4307,4620,m_3907639_ne_18_1_20150815
2534,868,2789,1123,m_3907639_ne_18_1_20150815
5712,1188,5967,1443,m_3907639_ne_18_1_20150815
4843,533,5098,788,m_3907639_ne_18_1_20150815
4206,4689,4461,4944,m_3907639_ne_18_1_20150815
1765,5604,2020,5859,m_3907639_ne_18_1_20150815
616,3165,871,3420,m_3907639_ne_18_1_20150815
964,4635,1219,4890,m_3907639_ne_18_1_20150815
5614,1256,5869,1511,m_3907639_ne_18_1_20150815
1122,3609,1377,3864,m_3907639_ne_18_1_20150815
343,5760,598,6015,m_3907639_ne_18_1_20150815
3483,308,3738,563,m_3907639_ne_18_1_20150815
644,5098,899,5353,m_3907639_ne_18_1_20150815
3381,5644,3636,5899,m_3907639_ne_18_1_20150815
5400,900,5655,1155,m_3907639_ne_18_1_20150815
4834,2493,5089,2748,m_3907639_ne_18_1_20150815
2575,1443,2830,1698,m_3907639_ne_18_1_20150815
2008,102,2263,357,m_3907639_ne_18_1_20150815
3370,5640,3625,5895,m_3907639_ne_18_1_20150815
3909,300,4164,555,m_3907639_ne_18_1_20150815
3182,6257,3437,6512,m_3907639_ne_18_1_20150815
4669,2893,4924,3148,m_3907639_ne_18_1_20150815
1956,7304,2211,7559,m_3907639_ne_18_1_20150815
1825,3425,2080,3680,m_3907639_ne_18_1_20150815
2629,2479,2884,2734,m_3907639_ne_18_1_20150815
3701,4417,3956,4672,m_3907639_ne_18_1_20150815
4193,3232,4448,3487,m_3907639_ne_18_1_20150815
2837,5825,3092,6080,m_3907639_ne_18_1_20150815
1604,1941,1859,2196,m_3907639_ne_18_1_20150815
1003,424,1258,679,m_3907639_ne_18_1_20150815
5708,6811,5963,7066,m_3907639_ne_18_1_20150815
1506,7246,1761,7501,m_3907639_ne_18_1_20150815
3091,5047,3346,5302,m_3907639_ne_18_1_20150815
2070,5837,2325,6092,m_3907639_ne_18_1_20150815
1962,1706,2217,1961,m_3907639_ne_18_1_20150815
485,1720,740,1975,m_3907639_ne_18_1_20150815
5035,4353,5290,4608,m_3907639_ne_18_1_20150815
2288,4967,2543,5222,m_3907639_ne_18_1_20150815
3354,3424,3609,3679,m_3907639_ne_18_1_20150815
1058,144,1313,399,m_3907639_ne_18_1_20150815
3995,2176,4250,2431,m_3907639_ne_18_1_20150815
2182,5632,2437,5887,m_3907639_ne_18_1_20150815
5130,6200,5385,6455,m_3907639_ne_18_1_20150815
2724,266,2979,521,m_3907639_ne_18_1_20150815
2561,2345,2816,2600,m_3907639_ne_18_1_20150815
3720,3322,3975,3577,m_3907639_ne_18_1_20150815
3451,1904,3706,2159,m_3907639_ne_18_1_20150815
1120,5537,1375,5792,m_3907639_ne_18_1_20150815
4861,7312,5116,7567,m_3907639_ne_18_1_20150815
5747,5234,6002,5489,m_3907639_ne_18_1_20150815
1048,31,1303,286,m_3907639_ne_18_1_20150815
245,1107,500,1362,m_3907639_ne_18_1_20150815
2210,5725,2465,5980,m_3907639_ne_18_1_20150815
4678,4988,4933,5243,m_3907639_ne_18_1_20150815
1310,6669,1565,6924,m_3907639_ne_18_1_20150815
2133,1902,2388,2157,m_3907639_ne_18_1_20150815
4114,5974,4369,6229,m_3907639_ne_18_1_20150815
297,2830,552,3085,m_3907639_ne_18_1_20150815
4052,5128,4307,5383,m_3907639_ne_18_1_20150815
5726,7134,5981,7389,m_3907639_ne_18_1_20150815
4120,694,4375,949,m_3907639_ne_18_1_20150815
5616,1181,5871,1436,m_3907639_ne_18_1_20150815
2488,1684,2743,1939,m_3907639_ne_18_1_20150815
2557,5686,2812,5941,m_3907639_ne_18_1_20150815
4601,5757,4856,6012,m_3907639_ne_18_1_20150815
3780,3257,4035,3512,m_3907639_ne_18_1_20150815
2591,4512,2846,4767,m_3907639_ne_18_1_20150815
456,2759,711,3014,m_3907639_ne_18_1_20150815
3646,6421,3901,6676,m_3907639_ne_18_1_20150815
186,7056,441,7311,m_3907639_ne_18_1_20150815
2190,6345,2445,6600,m_3907639_ne_18_1_20150815
5072,7019,5327,7274,m_3907639_ne_18_1_20150815
773,3150,1028,3405,m_3907639_ne_18_1_20150815
5641,4700,5896,4955,m_3907639_ne_18_1_20150815
4884,4777,5139,5032,m_3907639_ne_18_1_20150815
5260,1176,5515,1431,m_3907639_ne_18_1_20150815
3149,3911,3404,4166,m_3907639_ne_18_1_20150815
5350,593,5605,848,m_3907639_ne_18_1_20150815
2035,976,2290,1231,m_3907639_ne_18_1_20150815
2498,2432,2753,2687,m_3907639_ne_18_1_20150815
1461,824,1716,1079,m_3907639_ne_18_1_20150815
4720,302,4975,557,m_3907639_ne_18_1_20150815
3142,3699,3397,3954,m_3907639_ne_18_1_20150815
1846,5629,2101,5884,m_3907639_ne_18_1_20150815
829,92,1084,347,m_3907639_ne_18_1_20150815
1839,4129,2094,4384,m_3907639_ne_18_1_20150815
856,2574,1111,2829,m_3907639_ne_18_1_20150815
3861,819,4116,1074,m_3907639_ne_18_1_20150815
4572,2841,4827,3096,m_3907639_ne_18_1_20150815
4860,2844,5115,3099,m_3907639_ne_18_1_20150815
3678,4553,3933,4808,m_3907639_ne_18_1_20150815
4273,2741,4528,2996,m_3907639_ne_18_1_20150815
5174,5165,5429,5420,m_3907639_ne_18_1_20150815
5330,5780,5585,6035,m_3907639_ne_18_1_20150815
273,4718,528,4973,m_3907639_ne_18_1_20150815
798,878,1053,1133,m_3907639_ne_18_1_20150815
2761,3581,3016,3836,m_3907639_ne_18_1_20150815
4610,2265,4865,2520,m_3907639_ne_18_1_20150815
1173,6430,1428,6685,m_3907639_ne_18_1_20150815
1334,53,1589,308,m_3907639_ne_18_1_20150815
4020,86,4275,341,m_3907639_ne_18_1_20150815
4098,2662,4353,2917,m_3907639_ne_18_1_20150815
1007,840,1262,1095,m_3907639_ne_18_1_20150815
1570,1172,1825,1427,m_3907639_ne_18_1_20150815
741,5456,996,5711,m_3907639_ne_18_1_20150815
3355,3579,3610,3834,m_3907639_ne_18_1_20150815
490,5489,745,5744,m_3907639_ne_18_1_20150815
3643,16,3898,271,m_3907639_ne_18_1_20150815
1672,7078,1927,7333,m_3907639_ne_18_1_20150815
2942,7096,3197,7351,m_3907639_ne_18_1_20150815
5300,4715,5555,4970,m_3907639_ne_18_1_20150815
4177,3259,4432,3514,m_3907639_ne_18_1_20150815
1190,2358,1445,2613,m_3907639_ne_18_1_20150815
2049,731,2304,986,m_3907639_ne_18_1_20150815
2123,964,2378,1219,m_3907639_ne_18_1_20150815
2424,5626,2679,5881,m_3907639_ne_18_1_20150815
5271,2058,5526,2313,m_3907639_ne_18_1_20150815
790,1785,1045,2040,m_3907639_ne_18_1_20150815
4816,6853,5071,7108,m_3907639_ne_18_1_20150815
5188,4716,5443,4971,m_3907639_ne_18_1_20150815
2335,5662,2590,5917,m_3907639_ne_18_1_20150815
4274,1682,4529,1937,m_3907639_ne_18_1_20150815
2733,4413,2988,4668,m_3907639_ne_18_1_20150815
3199,4752,3454,5007,m_3907639_ne_18_1_20150815
